       2995.23718006
       2619.74334029
       2645.27373876
       3550.75095938
       3644.49106281
       2944.75211881
       3157.78411992
       2785.63284295
       3025.27046446
       2818.35343405
       2637.90077587
       2421.15179150
       3165.52631825
       3141.33904924
       3134.52702524
       2986.39343361
       2637.73794940
       2682.31650397
       2645.82182503
       2880.16170299
       2749.43895983
       2751.23702237
       2757.96118473
       2659.71143280
