         3045.665441         -127.817489
         2646.647910          -36.994379
         2753.260316          -16.870915
         3683.839286          180.890961          620.283942         -810.256668         -944.893184          852.606594          417.973922
         3876.615678            3.142890
         3007.677477          883.547224
         3214.410474         -139.859463
         2840.315430          110.584291
         3094.096993          -89.152815         1030.054379           82.281950        -3960.525558          -26.662368         3337.791674
         3088.343272         -181.381946         -709.208007          417.044354         1006.423413         -279.666845         -553.212010
         2933.968177          -94.297472        -1361.620308         -440.134423         4277.071283         1397.712809        -5356.075454         -877.952132         2281.738940
            0.000000            0.000000
         3145.522515           43.751873
         3164.972471           54.463809          726.923695          -84.015102        -2952.345773           72.675797         2455.633185
         3228.062277           94.486281          425.574419         -263.848735        -3425.938730          607.689882         5439.214005         -553.742102        -2670.390287
         3139.447122          147.008375          172.601627         -480.047764         -680.988621          376.217848
         2938.208878          219.302833         -634.604769         -243.145221          614.005161
         2963.743173         -171.472700          -22.964979          263.793759         -118.485554
         4549.511001        -2314.638215
         2903.364641          -10.299767
         3046.230314          -45.237168         -733.578812         -458.034047          367.544465          344.447708
         3138.585619         -145.730723         -671.281244         -427.179496          365.851729          499.776176         -146.586738
         3087.993607          -21.620719         -115.501031           62.985126         -154.080202
         3215.299932          205.722229         -719.766133         -185.220897          194.114382
