        Ex        raw        sub        fit         f0         f1         f2         f3         f4         f5         f6
  -1.98497   35.00000    7.54983    0.00000    0.00000    0.00000    0.00000    0.00000    0.00000    0.00000    0.00000
  -1.95492   32.00000    4.40735    0.00000    0.00000    0.00000    0.00000    0.00000    0.00000    0.00000    0.00000
  -1.92486   28.00000    0.26488    0.00000    0.00000    0.00000    0.00000    0.00000    0.00000    0.00000    0.00000
  -1.89481   33.00000    5.12240    0.00000    0.00000    0.00000    0.00000    0.00000    0.00000    0.00000    0.00000
  -1.86475   29.00000    0.97993    0.00000    0.00000    0.00000    0.00000    0.00000    0.00000    0.00000    0.00000
  -1.83470   25.00000   -3.16255    0.00000    0.00000    0.00000    0.00000    0.00000    0.00000    0.00000    0.00000
  -1.80464   20.00000   -8.30503    0.00000    0.00000    0.00000    0.00000    0.00000    0.00000    0.00000    0.00000
  -1.77459   37.00000    8.55250    0.00000    0.00000    0.00000    0.00000    0.00000    0.00000    0.00000    0.00000
  -1.74454   32.00000    3.41002    0.00000    0.00000    0.00000    0.00000    0.00000    0.00000    0.00000    0.00000
  -1.71448   36.00000    7.26754    0.00000    0.00000    0.00000    0.00000    0.00000    0.00000    0.00000    0.00000
  -1.68443   27.00000   -1.87493    0.00000    0.00000    0.00000    0.00000    0.00000    0.00000    0.00000    0.00000
  -1.65437   39.00000    9.98259    0.00000    0.00000    0.00000    0.00000    0.00000    0.00000    0.00000    0.00000
  -1.62432   25.00000   -4.15989    0.00000    0.00000    0.00000    0.00000    0.00000    0.00000    0.00000    0.00000
  -1.59426   31.00000    1.69764    0.00000    0.00000    0.00000    0.00000    0.00000    0.00000    0.00000    0.00000
  -1.56421   30.00000    0.55516    0.00000    0.00000    0.00000    0.00000    0.00000    0.00000    0.00000    0.00000
  -1.53415   30.00000    0.41269    0.00000    0.00000    0.00000    0.00000    0.00000    0.00000    0.00000    0.00000
  -1.50410   38.00000    8.27021    0.00000    0.00000    0.00000    0.00000    0.00000    0.00000    0.00000    0.00000
  -1.47404   26.00000   -3.87226    0.00000    0.00000    0.00000    0.00000    0.00000    0.00000    0.00000    0.00000
  -1.44399   39.00000    8.98526    0.00000    0.00000    0.00000    0.00000    0.00000    0.00000    0.00000    0.00000
  -1.41393   36.00000    5.84278    0.00000    0.00000    0.00000    0.00000    0.00000    0.00000    0.00000    0.00000
  -1.38388   24.00000   -6.29969    0.00000    0.00000    0.00000    0.00000    0.00000    0.00000    0.00000    0.00000
  -1.35383   28.00000   -2.44217    0.00000    0.00000    0.00000    0.00000    0.00000    0.00000    0.00000    0.00000
  -1.32377   31.00000    0.41535    0.00000    0.00000    0.00000    0.00000    0.00000    0.00000    0.00000    0.00000
  -1.29372   31.00000    0.27288    0.00000    0.00000    0.00000    0.00000    0.00000    0.00000    0.00000    0.00000
  -1.26366   39.00000    8.13040    0.00000    0.00000    0.00000    0.00000    0.00000    0.00000    0.00000    0.00000
  -1.23361   24.00000   -7.01208    0.00000    0.00000    0.00000    0.00000    0.00000    0.00000    0.00000    0.00000
  -1.20355   29.00000   -2.15455    0.00000    0.00000    0.00000    0.00000    0.00000    0.00000    0.00000    0.00000
  -1.17350   28.00000   -3.29703    0.00000    0.00000    0.00000    0.00000    0.00000    0.00000    0.00000    0.00000
  -1.14344   23.00000   -8.43950    0.00000    0.00000    0.00000    0.00000    0.00000    0.00000    0.00000    0.00000
  -1.11339   24.00000   -7.58198    0.00000    0.00000    0.00000    0.00000    0.00000    0.00000    0.00000    0.00000
  -1.08333   33.00000    1.27555    0.00000    0.00000    0.00000    0.00000    0.00000    0.00000    0.00000    0.00000
  -1.05328   49.00000   17.13307    0.00000    0.00000    0.00000    0.00000    0.00000    0.00000    0.00000    0.00000
  -1.02322   31.00000   -1.00941    0.00000    0.00000    0.00000    0.00000    0.00000    0.00000    0.00000    0.00000
  -0.99317   27.00000   -5.15188    0.00000    0.00000    0.00000    0.00000    0.00000    0.00000    0.00000    0.00000
  -0.96311   31.00000   -1.29436    0.00000    0.00000    0.00000    0.00000    0.00000    0.00000    0.00000    0.00000
  -0.93306   28.00000   -4.43684    0.00000    0.00000    0.00000    0.00000    0.00000    0.00000    0.00000    0.00000
  -0.90301   42.00000    9.42069    0.00000    0.00000    0.00000    0.00000    0.00000    0.00000    0.00000    0.00000
  -0.87295   35.00000    2.27821    0.00000    0.00000    0.00000    0.00000    0.00000    0.00000    0.00000    0.00000
  -0.84290   33.00000    0.13573    0.00000    0.00000    0.00000    0.00000    0.00000    0.00000    0.00000    0.00000
  -0.81284   26.00000   -7.00674    0.00000    0.00000    0.00000    0.00000    0.00000    0.00000    0.00000    0.00000
  -0.78279   50.00000   16.85078    0.00000    0.00000    0.00000    0.00000    0.00000    0.00000    0.00000    0.00000
  -0.75273   32.00000   -1.29169    0.00000    0.00000    0.00000    0.00000    0.00000    0.00000    0.00000    0.00000
  -0.72268   27.00000   -6.43417    0.00000    0.00000    0.00000    0.00000    0.00000    0.00000    0.00000    0.00000
  -0.69262   29.00000   -4.57664    0.00000    0.00000    0.00000    0.00000    0.00000    0.00000    0.00000    0.00000
  -0.66257   37.00000    3.28088    0.00000    0.00000    0.00000    0.00000    0.00000    0.00000    0.00000    0.00000
  -0.63251   33.00000   -0.86160    0.00000    0.00000    0.00000    0.00000    0.00000    0.00000    0.00000    0.00000
  -0.60246   31.00000   -3.00407    0.00000    0.00000    0.00000    0.00000    0.00000    0.00000    0.00000    0.00000
  -0.57240   37.00000    2.85345    0.00000    0.00000    0.00000    0.00000    0.00000    0.00000    0.00000    0.00000
  -0.54235   40.00000    5.71097    0.00000    0.00000    0.00000    0.00000    0.00000    0.00000    0.00000    0.00000
  -0.51230   31.00000   -3.43150    0.00000    0.00000    0.00000    0.00000    0.00000    0.00000    0.00000    0.00000
  -0.48224   35.00000    0.42602    0.00000    0.00000    0.00000    0.00000    0.00000    0.00000    0.00000    0.00000
  -0.45219   25.00000   -9.71645    0.00000    0.00000    0.00000    0.00000    0.00000    0.00000    0.00000    0.00000
  -0.42213   40.00000    5.14107    0.00000    0.00000    0.00000    0.00000    0.00000    0.00000    0.00000    0.00000
  -0.39208   28.00000   -7.00141    0.00000    0.00000    0.00000    0.00000    0.00000    0.00000    0.00000    0.00000
  -0.36202   40.00000    4.85612    0.00000    0.00000    0.00000    0.00000    0.00000    0.00000    0.00000    0.00000
  -0.33197   21.00000  -14.28636    0.00000    0.00000    0.00000    0.00000    0.00000    0.00000    0.00000    0.00000
  -0.30191   20.00000  -15.42884    0.00000    0.00000    0.00000    0.00000    0.00000    0.00000    0.00000    0.00000
  -0.27186   38.00000    2.42869    0.00004    0.00004    0.00000    0.00000    0.00000    0.00000    0.00000    0.00000
  -0.24180   35.00000   -0.71379    0.00097    0.00097    0.00000    0.00000    0.00000    0.00000    0.00000    0.00000
  -0.21175   32.00000   -3.85626    0.01465    0.01465    0.00000    0.00000    0.00000    0.00000    0.00000    0.00000
  -0.18169   34.00000   -1.99874    0.15499    0.15499    0.00000    0.00000    0.00000    0.00000    0.00000    0.00000
  -0.15164   40.00000    3.85878    1.14362    1.14362    0.00000    0.00000    0.00000    0.00000    0.00000    0.00000
  -0.12158   41.00000    4.71631    5.88495    5.88495    0.00000    0.00000    0.00000    0.00000    0.00000    0.00000
  -0.09153   55.00000   18.57383   21.11943   21.11943    0.00000    0.00000    0.00000    0.00000    0.00000    0.00000
  -0.06148   81.00000   44.43135   52.85669   52.85669    0.00000    0.00000    0.00000    0.00000    0.00000    0.00000
  -0.03142  140.00000  103.28888   92.25641   92.25641    0.00000    0.00000    0.00000    0.00000    0.00000    0.00000
  -0.00137  144.00000  107.14641  112.29794  112.29794    0.00000    0.00000    0.00000    0.00000    0.00000    0.00000
   0.02869  135.00000   98.00392   95.32915   95.32915    0.00000    0.00000    0.00000    0.00000    0.00000    0.00000
   0.05874   89.00000   51.86145   56.43628   56.43628    0.00000    0.00000    0.00000    0.00000    0.00000    0.00000
   0.08880   83.00000   45.71898   23.30074   23.30074    0.00000    0.00000    0.00000    0.00000    0.00000    0.00000
   0.11885   47.00000    9.57650    6.70903    6.70903    0.00000    0.00000    0.00000    0.00000    0.00000    0.00000
   0.14891   26.00000  -11.56598    1.34719    1.34719    0.00000    0.00000    0.00000    0.00000    0.00000    0.00000
   0.17896   37.00000   -0.70845    0.18866    0.18866    0.00000    0.00000    0.00000    0.00000    0.00000    0.00000
   0.20902   32.00000   -5.85093    0.01842    0.01842    0.00000    0.00000    0.00000    0.00000    0.00000    0.00000
   0.23907   39.00000    1.00659    0.00125    0.00125    0.00000    0.00000    0.00000    0.00000    0.00000    0.00000
   0.26913   26.00000  -12.13588    0.00006    0.00006    0.00000    0.00000    0.00000    0.00000    0.00000    0.00000
   0.29918   34.00000   -4.27836    0.00000    0.00000    0.00000    0.00000    0.00000    0.00000    0.00000    0.00000
   0.32923   34.00000   -4.42083    0.00000    0.00000    0.00000    0.00000    0.00000    0.00000    0.00000    0.00000
   0.35929   50.00000   11.43669    0.00000    0.00000    0.00000    0.00000    0.00000    0.00000    0.00000    0.00000
   0.38934   43.00000    4.29421    0.00000    0.00000    0.00000    0.00000    0.00000    0.00000    0.00000    0.00000
   0.41940   41.00000    2.15174    0.00000    0.00000    0.00000    0.00000    0.00000    0.00000    0.00000    0.00000
   0.44945   40.00000    1.00926    0.00000    0.00000    0.00000    0.00000    0.00000    0.00000    0.00000    0.00000
   0.47951   34.00000   -5.13322    0.00000    0.00000    0.00000    0.00000    0.00000    0.00000    0.00000    0.00000
   0.50956   41.00000    1.72431    0.00000    0.00000    0.00000    0.00000    0.00000    0.00000    0.00000    0.00000
   0.53962   40.00000    0.58183    0.00000    0.00000    0.00000    0.00000    0.00000    0.00000    0.00000    0.00000
   0.56967   41.00000    1.43936    0.00000    0.00000    0.00000    0.00000    0.00000    0.00000    0.00000    0.00000
   0.59973   37.00000   -2.70312    0.00000    0.00000    0.00000    0.00000    0.00000    0.00000    0.00000    0.00000
   0.62978   34.00000   -5.84560    0.00000    0.00000    0.00000    0.00000    0.00000    0.00000    0.00000    0.00000
   0.65984   27.00000  -12.98807    0.00000    0.00000    0.00000    0.00000    0.00000    0.00000    0.00000    0.00000
   0.68989   41.00000    0.86945    0.00000    0.00000    0.00000    0.00000    0.00000    0.00000    0.00000    0.00000
   0.71995   45.00000    4.72697    0.00000    0.00000    0.00000    0.00000    0.00000    0.00000    0.00000    0.00000
   0.75000   37.00000   -3.41550    0.00000    0.00000    0.00000    0.00000    0.00000    0.00000    0.00000    0.00000
   0.78005   48.00000    7.44202    0.00000    0.00000    0.00000    0.00000    0.00000    0.00000    0.00000    0.00000
   0.81011   42.00000    1.29955    0.00000    0.00000    0.00000    0.00000    0.00000    0.00000    0.00000    0.00000
   0.84016   42.00000    1.15707    0.00000    0.00000    0.00000    0.00000    0.00000    0.00000    0.00000    0.00000
   0.87022   33.00000   -7.98540    0.00001    0.00000    0.00001    0.00000    0.00000    0.00000    0.00000    0.00000
   0.90027   39.00000   -2.12788    0.00021    0.00000    0.00021    0.00000    0.00000    0.00000    0.00000    0.00000
   0.93033   33.00000   -8.27036    0.00284    0.00000    0.00284    0.00000    0.00000    0.00000    0.00000    0.00000
   0.96038   27.00000  -14.41283    0.02868    0.00000    0.02868    0.00000    0.00000    0.00000    0.00000    0.00000
   0.99044   29.00000  -12.55531    0.22079    0.00000    0.22079    0.00000    0.00000    0.00000    0.00000    0.00000
   1.02049   42.00000    0.30221    1.29327    0.00000    1.29327    0.00000    0.00000    0.00000    0.00000    0.00000
   1.05055   50.00000    8.15974    5.76493    0.00000    5.76493    0.00000    0.00000    0.00000    0.00000    0.00000
   1.08060   62.00000   20.01726   19.55658    0.00000   19.55658    0.00000    0.00000    0.00000    0.00000    0.00000
   1.11066   97.00000   54.87479   50.48756    0.00000   50.48756    0.00000    0.00000    0.00000    0.00000    0.00000
   1.14071  152.00000  109.73231   99.19010    0.00000   99.19010    0.00000    0.00000    0.00000    0.00000    0.00000
   1.17077  188.00000  145.58983  148.30125    0.00000  148.30125    0.00000    0.00000    0.00000    0.00000    0.00000
   1.20082  219.00000  176.44736  168.73836    0.00000  168.73836    0.00000    0.00000    0.00000    0.00000    0.00000
   1.23087  178.00000  135.30489  146.10845    0.00000  146.10845    0.00000    0.00000    0.00000    0.00000    0.00000
   1.26093  126.00000   83.16240   96.27853    0.00000   96.27851    0.00002    0.00000    0.00000    0.00000    0.00000
   1.29098   98.00000   55.01993   48.28123    0.00000   48.28096    0.00028    0.00000    0.00000    0.00000    0.00000
   1.32104   66.00000   22.87745   18.42799    0.00000   18.42531    0.00267    0.00000    0.00000    0.00000    0.00000
   1.35109   62.00000   18.73498    5.37145    0.00000    5.35114    0.02031    0.00000    0.00000    0.00000    0.00000
   1.38115   41.00000   -2.40750    1.30418    0.00000    1.18269    0.12149    0.00000    0.00000    0.00000    0.00000
   1.41120   43.00000   -0.54998    0.77050    0.00000    0.19892    0.57157    0.00000    0.00000    0.00000    0.00000
   1.44126   48.00000    4.30755    2.14047    0.00000    0.02546    2.11500    0.00001    0.00000    0.00000    0.00000
   1.47131   62.00000   18.16507    6.15818    0.00000    0.00248    6.15557    0.00013    0.00000    0.00000    0.00000
   1.50137   59.00000   15.02259   14.09274    0.00000    0.00018   14.09110    0.00146    0.00000    0.00000    0.00000
   1.53142   67.00000   22.88012   25.38392    0.00000    0.00001   25.37114    0.01277    0.00000    0.00000    0.00000
   1.56148   76.00000   31.73764   36.01854    0.00000    0.00000   35.92969    0.08885    0.00000    0.00000    0.00000
   1.59153   94.00000   49.59517   40.51198    0.00000    0.00000   40.02076    0.49119    0.00002    0.00000    0.00000
   1.62158   77.00000   32.45269   37.21995    0.00000    0.00000   35.06192    2.15776    0.00027    0.00000    0.00000
   1.65164   91.00000   46.31021   31.69469    0.00000    0.00000   24.16042    7.53168    0.00259    0.00000    0.00000
   1.68169   66.00000   21.16774   34.00369    0.00000    0.00000   13.09458   20.88901    0.02010    0.00000    0.00000
   1.71175  109.00000   64.02526   51.74197    0.00000    0.00000    5.58209   46.03429    0.12559    0.00000    0.00000
   1.74180  148.00000  102.88278   83.11179    0.00000    0.00000    1.87164   80.60882    0.63133    0.00000    0.00000
   1.77186  135.00000   89.74031  115.20283    0.00000    0.00000    0.49359  112.15569    2.55355    0.00000    0.00000
   1.80191  184.00000  138.59784  132.40569    0.00000    0.00000    0.10238  123.99313    8.31017    0.00000    0.00000
   1.83197  193.00000  147.45535  130.69733    0.00000    0.00000    0.01670  108.92098   21.75965    0.00000    0.00000
   1.86202  162.00000  116.31288  121.87093    0.00000    0.00000    0.00214   76.02616   45.84262    0.00000    0.00000
   1.89208  172.00000  126.17041  119.87269    0.00000    0.00000    0.00022   42.16501   77.70747    0.00000    0.00000
   1.92213  187.00000  141.02792  124.56338    0.00000    0.00000    0.00002   18.58142  105.98194    0.00000    0.00000
   1.95219  161.00000  114.88545  122.80565    0.00000    0.00000    0.00000    6.50644  116.29921    0.00000    0.00000
   1.98224  145.00000   98.74298  104.49302    0.00000    0.00000    0.00000    1.81028  102.68274    0.00000    0.00000
   2.01230  130.00000   83.60050   73.34500    0.00000    0.00000    0.00000    0.40021   72.94473    0.00007    0.00000
   2.04235   78.00000   31.45802   41.76452    0.00000    0.00000    0.00000    0.07030   41.69329    0.00094    0.00000
   2.07240   65.00000   18.31555   19.19373    0.00000    0.00000    0.00000    0.00981   19.17406    0.00985    0.00000
   2.10246   59.00000   12.17307    7.17664    0.00000    0.00000    0.00000    0.00109    7.09476    0.08078    0.00001
   2.13251   53.00000    6.03059    2.62786    0.00000    0.00000    0.00000    0.00010    2.11221    0.51548    0.00008
   2.16257   40.00000   -7.11188    3.06756    0.00000    0.00000    0.00000    0.00001    0.50596    2.56103    0.00057
   2.19262   53.00000    5.74564   10.00706    0.00000    0.00000    0.00000    0.00000    0.09751    9.90602    0.00352
   2.22268   87.00000   39.60317   29.86457    0.00000    0.00000    0.00000    0.00000    0.01512   29.83070    0.01875
   2.25273  127.00000   79.46069   70.02433    0.00000    0.00000    0.00000    0.00000    0.00189   69.93708    0.08537
   2.28279  186.00000  138.31821  127.98586    0.00000    0.00000    0.00000    0.00000    0.00019  127.65309    0.33258
   2.31284  231.00000  183.17574  182.50771    0.00000    0.00000    0.00000    0.00000    0.00002  181.39904    1.10865
   2.34290  255.00000  207.03326  203.84898    0.00000    0.00000    0.00000    0.00000    0.00000  200.68662    3.16236
   2.37295  210.00000  161.89078  180.57356    0.00000    0.00000    0.00000    0.00000    0.00000  172.85488    7.71869
   2.40301  172.00000  123.74831  132.03190    0.00000    0.00000    0.00000    0.00000    0.00000  115.91100   16.12090
   2.43306  144.00000   95.60583   89.32324    0.00000    0.00000    0.00000    0.00000    0.00000   60.51283   28.81041
   2.46311  137.00000   88.46336   68.65308    0.00000    0.00000    0.00000    0.00000    0.00000   24.59518   44.05790
   2.49317  114.00000   65.32088   65.43449    0.00000    0.00000    0.00000    0.00000    0.00000    7.78274   57.65175
   2.52322  117.00000   68.17841   66.47017    0.00000    0.00000    0.00000    0.00000    0.00000    1.91732   64.55285
   2.55328  103.00000   54.03593   62.21672    0.00000    0.00000    0.00000    0.00000    0.00000    0.36774   61.84899
   2.58333  110.00000   60.89345   50.76146    0.00000    0.00000    0.00000    0.00000    0.00000    0.05491   50.70655
   2.61339   81.00000   31.75098   35.57851    0.00000    0.00000    0.00000    0.00000    0.00000    0.00638   35.57212
   2.64344   65.00000   15.60850   21.35411    0.00000    0.00000    0.00000    0.00000    0.00000    0.00058   21.35353
   2.67350   59.00000    9.46603   10.96846    0.00000    0.00000    0.00000    0.00000    0.00000    0.00004   10.96842
   2.70355   60.00000   10.32355    4.82095    0.00000    0.00000    0.00000    0.00000    0.00000    0.00000    4.82095
   2.73361   52.00000    2.18107    1.81316    0.00000    0.00000    0.00000    0.00000    0.00000    0.00000    1.81316
   2.76366   52.00000    2.03860    0.58352    0.00000    0.00000    0.00000    0.00000    0.00000    0.00000    0.58352
   2.79372   62.00000   11.89612    0.16069    0.00000    0.00000    0.00000    0.00000    0.00000    0.00000    0.16069
   2.82377   48.00000   -2.24636    0.03786    0.00000    0.00000    0.00000    0.00000    0.00000    0.00000    0.03786
   2.85383   53.00000    2.61117    0.00763    0.00000    0.00000    0.00000    0.00000    0.00000    0.00000    0.00763
   2.88388   49.00000   -1.53131    0.00132    0.00000    0.00000    0.00000    0.00000    0.00000    0.00000    0.00132
   2.91393   64.00000   13.32621    0.00019    0.00000    0.00000    0.00000    0.00000    0.00000    0.00000    0.00019
   2.94399   43.00000   -7.81626    0.00002    0.00000    0.00000    0.00000    0.00000    0.00000    0.00000    0.00002
   2.97404   43.00000   -7.95874    0.00000    0.00000    0.00000    0.00000    0.00000    0.00000    0.00000    0.00000
   3.00410   53.00000    1.89879    0.00000    0.00000    0.00000    0.00000    0.00000    0.00000    0.00000    0.00000
   3.03415   51.00000   -0.24369    0.00000    0.00000    0.00000    0.00000    0.00000    0.00000    0.00000    0.00000
   3.06421   64.00000   12.61383    0.00000    0.00000    0.00000    0.00000    0.00000    0.00000    0.00000    0.00000
   3.09426   60.00000    8.47136    0.00000    0.00000    0.00000    0.00000    0.00000    0.00000    0.00000    0.00000
   3.12432   48.00000   -3.67112    0.00000    0.00000    0.00000    0.00000    0.00000    0.00000    0.00000    0.00000
   3.15437   61.00000    9.18641    0.00000    0.00000    0.00000    0.00000    0.00000    0.00000    0.00000    0.00000
   3.18443   49.00000   -2.95607    0.00000    0.00000    0.00000    0.00000    0.00000    0.00000    0.00000    0.00000
   3.21448   67.00000   14.90145    0.00000    0.00000    0.00000    0.00000    0.00000    0.00000    0.00000    0.00000
   3.24454   56.00000    3.75898    0.00000    0.00000    0.00000    0.00000    0.00000    0.00000    0.00000    0.00000
   3.27459   47.00000   -5.38350    0.00000    0.00000    0.00000    0.00000    0.00000    0.00000    0.00000    0.00000
   3.30464   57.00000    4.47403    0.00000    0.00000    0.00000    0.00000    0.00000    0.00000    0.00000    0.00000
   3.33470   54.00000    1.33155    0.00000    0.00000    0.00000    0.00000    0.00000    0.00000    0.00000    0.00000
   3.36475   55.00000    2.18907    0.00000    0.00000    0.00000    0.00000    0.00000    0.00000    0.00000    0.00000
   3.39481   55.00000    2.04660    0.00000    0.00000    0.00000    0.00000    0.00000    0.00000    0.00000    0.00000
   3.42486   53.00000   -0.09588    0.00000    0.00000    0.00000    0.00000    0.00000    0.00000    0.00000    0.00000
   3.45492   50.00000   -3.23835    0.00000    0.00000    0.00000    0.00000    0.00000    0.00000    0.00000    0.00000
   3.48497   49.00000   -4.38083    0.00000    0.00000    0.00000    0.00000    0.00000    0.00000    0.00000    0.00000
