//_for_n-Gauss_fit_with_auto-BG_estimation
//_peak____low____high_____fixed?___sigma_____fixed?__hight
0.000   -0.10    0.10     0       0.055      0       100  
1.170    1.10    1.20     1       0.0565      1       100
1.230    1.20    1.40     1       0.0565      1       100
1.600    1.50    1.70     0       0.0565      1       100
1.810    1.70    1.90     0       0.0565      1       100
1.957    1.90    2.10     0       0.0565      1       100
2.332    2.10    2.40     0       0.0565      1       100
2.530    2.40    2.55     0       0.0565      1       100
2.600    2.55    2.70     0       0.0565      1       100
